900 : 4 5 6 10
901 : 1 2 4 7
902 : 2 5 8 11
903 : 3 4 4 13
904 : 6 7 8 9
905 : 1 11 11 13
906 : 1 8 10 11
907 : 2 3 6 9
908 : 1 3 5 9
909 : 3 3 7 12
910 : 4 5 7 9
911 : 1 2 8 13
912 : 4 6 6 9
913 : 1 4 4 8
914 : 1 5 10 11
915 : 3 4 6 11
916 : 2 4 8 9
917 : 1 4 5 13
918 : 2 2 7 12
919 : 3 3 6 7
920 : 1 5 9 13
921 : 5 6 7 13
922 : 5 5 8 10
923 : 2 4 6 12
924 : 6 7 8 11
925 : 7 9 9 13
926 : 3 6 9 12
927 : 6 9 12 13
928 : 4 7 9 13
929 : 5 6 8 12
930 : 2 4 6 7
931 : 2 5 10 10
932 : 6 6 7 12
933 : 6 9 9 11
934 : 5 8 11 12
935 : 5 6 8 10
936 : 6 11 12 13
937 : 2 2 8 8
938 : 2 7 12 13
939 : 2 6 8 12
940 : 3 4 9 13
941 : 4 5 10 12
942 : 1 2 7 11
943 : 4 5 6 8
944 : 6 10 12 13
945 : 1 3 9 9
946 : 1 4 4 11
947 : 2 3 9 10
948 : 1 2 3 13
949 : 1 6 6 6
950 : 1 2 2 9
951 : 1 3 6 11
952 : 5 10 12 13
953 : 2 3 6 6
954 : 6 7 10 12
955 : 7 8 8 12
956 : 3 4 6 8
957 : 1 7 9 11
958 : 2 3 6 13
959 : 2 2 5 12
960 : 2 6 8 13
961 : 8 8 10 12
962 : 1 3 8 13
963 : 4 4 7 10
964 : 1 7 10 13
965 : 1 9 10 13
966 : 3 3 4 11
967 : 2 5 7 7
968 : 3 9 10 13
969 : 2 3 4 7
970 : 4 4 8 12
971 : 1 2 6 10
972 : 1 5 12 12
973 : 5 6 6 8
974 : 7 7 8 11
975 : 1 3 7 10
976 : 3 3 9 12
977 : 3 5 7 10
978 : 4 10 12 13
979 : 2 3 10 12
980 : 3 4 6 6
981 : 5 8 8 8
982 : 6 8 8 12
983 : 2 3 4 9
984 : 2 6 7 11
985 : 5 9 12 12
986 : 1 2 7 12
987 : 2 4 5 6
988 : 5 5 8 13
989 : 2 3 3 10
990 : 3 4 8 12
991 : 2 4 6 11
992 : 2 2 8 9
993 : 1 5 6 7
994 : 5 8 10 11
995 : 4 4 9 12
996 : 2 5 6 6
997 : 2 4 9 12
998 : 4 8 11 13
999 : 4 9 10 13
